2.488606060606060737e+02
2.497090909090909179e+02
2.503090909090909122e+02
2.511454545454545553e+02
2.518484848484848442e+02
2.494787878787878697e+02
2.354484848484848385e+02
2.091030303030302946e+02
1.877939393939393824e+02
1.802909090909090821e+02
1.831030303030302946e+02
1.892181818181818187e+02
2.013272727272727138e+02
2.180666666666666629e+02
2.353757575757575751e+02
2.478060606060606119e+02
2.508060606060606119e+02
2.503878787878787762e+02
2.499333333333333371e+02
2.493818181818181756e+02
2.475393939393939320e+02
2.480909090909090935e+02
2.488666666666666742e+02
2.472727272727272805e+02
2.341333333333333258e+02
1.999939393939393995e+02
1.549575757575757677e+02
1.176121212121212096e+02
9.493333333333333712e+01
8.773333333333333428e+01
9.030909090909091219e+01
1.006787878787878725e+02
1.216727272727272720e+02
1.500121212121212011e+02
1.852727272727272805e+02
2.183515151515151445e+02
2.416424242424242550e+02
2.471515151515151558e+02
2.463454545454545439e+02
2.453090909090909122e+02
2.458121212121212125e+02
2.460848484848484929e+02
2.440969696969696940e+02
2.200000000000000000e+02
1.648545454545454447e+02
1.071575757575757564e+02
6.670303030303030312e+01
4.597575757575757649e+01
3.781212121212121247e+01
3.533333333333333570e+01
3.728484848484848158e+01
4.176969696969697310e+01
5.253939393939393909e+01
7.129696969696969688e+01
1.073454545454545439e+02
1.541575757575757564e+02
2.041272727272727252e+02
2.358909090909091049e+02
2.410666666666666629e+02
2.408000000000000114e+02
2.453212121212121133e+02
2.443090909090909122e+02
2.249272727272727366e+02
1.590424242424242323e+02
8.779393939393939661e+01
4.687272727272727479e+01
3.633333333333333570e+01
3.514545454545454817e+01
3.626666666666666572e+01
3.741212121212121389e+01
3.883636363636363598e+01
3.915757575757575637e+01
3.855151515151515440e+01
3.675757575757575779e+01
4.281212121212121247e+01
7.084242424242424363e+01
1.295090909090909008e+02
2.040666666666666629e+02
2.354363636363636374e+02
2.388848484848484759e+02
2.449393939393939377e+02
2.394363636363636374e+02
1.875454545454545325e+02
9.259393939393939377e+01
4.013333333333333286e+01
3.895757575757576063e+01
5.085454545454545183e+01
5.932727272727272805e+01
6.655151515151514729e+01
7.123636363636363455e+01
7.504242424242424647e+01
7.384848484848484418e+01
6.622424242424241925e+01
5.239393939393939092e+01
3.747272727272727622e+01
3.560000000000000142e+01
6.379999999999999716e+01
1.421212121212121247e+02
2.170909090909090935e+02
2.366909090909090878e+02
2.440181818181818301e+02
2.290363636363636317e+02
1.432060606060606176e+02
4.667878787878787961e+01
3.398181818181818414e+01
5.988484848484848300e+01
8.118787878787878753e+01
1.045878787878787932e+02
1.189212121212121218e+02
1.222545454545454504e+02
1.231272727272727252e+02
1.198484848484848442e+02
1.014303030303030368e+02
7.582424242424242777e+01
5.395757575757576063e+01
3.114545454545454461e+01
3.787878787878787534e+01
9.380606060606061192e+01
1.842242424242424192e+02
2.304484848484848385e+02
2.432424242424242493e+02
2.172545454545454504e+02
1.050606060606060623e+02
2.990303030303030241e+01
4.468484848484848726e+01
7.782424242424242777e+01
1.026969696969697026e+02
1.273575757575757592e+02
1.429333333333333371e+02
1.437272727272727195e+02
1.419090909090909065e+02
1.350181818181818301e+02
1.137212121212121190e+02
8.867272727272727195e+01
6.721212121212121815e+01
3.630303030303030454e+01
2.543030303030302974e+01
6.901818181818181586e+01
1.566303030303030255e+02
2.196727272727272862e+02
2.423575757575757450e+02
2.060484848484848612e+02
8.763030303030302548e+01
2.869090909090909136e+01
5.350909090909090793e+01
8.635151515151514445e+01
1.060303030303030312e+02
1.302545454545454504e+02
1.458787878787878753e+02
1.496181818181818244e+02
1.474969696969696997e+02
1.337636363636363512e+02
1.098303030303030283e+02
8.736969696969697452e+01
7.341818181818182154e+01
4.433939393939393625e+01
2.408484848484848584e+01
5.834545454545454390e+01
1.410060606060606005e+02
2.095757575757575637e+02
2.413090909090909122e+02
2.021999999999999886e+02
9.120000000000000284e+01
3.335151515151515156e+01
6.583636363636364308e+01
7.681212121212121247e+01
7.088484848484849010e+01
7.068484848484848726e+01
8.558787878787879322e+01
1.177333333333333343e+02
1.117696969696969660e+02
7.691515151515152127e+01
6.443030303030303685e+01
6.304242424242423937e+01
6.664848484848485555e+01
5.516969696969697168e+01
2.958787878787878611e+01
6.066060606060606375e+01
1.413818181818181756e+02
2.061393939393939263e+02
2.406787878787878867e+02
2.056181818181818244e+02
1.093939393939393909e+02
4.655757575757575495e+01
8.178181818181818130e+01
7.951515151515151558e+01
6.435757575757575921e+01
5.492727272727272947e+01
6.122424242424242635e+01
1.089393939393939377e+02
1.048121212121212125e+02
5.820606060606060339e+01
5.330909090909091219e+01
5.727878787878788103e+01
6.966666666666667140e+01
7.148484848484848442e+01
4.410303030303030170e+01
7.423030303030303401e+01
1.551515151515151558e+02
2.074666666666666686e+02
2.406181818181818244e+02
2.124000000000000057e+02
1.323818181818181756e+02
7.144848484848485271e+01
1.040242424242424306e+02
1.034727272727272691e+02
8.841212121212120678e+01
8.279393939393939661e+01
9.362424242424242493e+01
1.311212121212121247e+02
1.283939393939394051e+02
8.869090909090908781e+01
8.246060606060605380e+01
8.616969696969697168e+01
9.586666666666666003e+01
9.430303030303029743e+01
6.393939393939393767e+01
9.197575757575756938e+01
1.713878787878787762e+02
2.105999999999999943e+02
2.406424242424242550e+02
2.212909090909090821e+02
1.611636363636363569e+02
9.836363636363635976e+01
1.153757575757575751e+02
1.332666666666666799e+02
1.422121212121212182e+02
1.395333333333333314e+02
1.211272727272727252e+02
1.418060606060606119e+02
1.414787878787878697e+02
1.099272727272727224e+02
1.291333333333333258e+02
1.338181818181818130e+02
1.218363636363636431e+02
1.023333333333333286e+02
8.290909090909090651e+01
1.183151515151515127e+02
1.842848484848484816e+02
2.113090909090909122e+02
2.409090909090909065e+02
2.280727272727272634e+02
1.902121212121212182e+02
1.286606060606060566e+02
1.124424242424242379e+02
1.218303030303030283e+02
1.360969696969696940e+02
1.317272727272727195e+02
1.059696969696969688e+02
1.091393939393939405e+02
1.064969696969696997e+02
8.986060606060605949e+01
1.107939393939393966e+02
1.187999999999999972e+02
1.057757575757575808e+02
9.540000000000000568e+01
1.033212121212121275e+02
1.506121212121212238e+02
1.950060606060606005e+02
2.108363636363636431e+02
2.410909090909090935e+02
2.318606060606060737e+02
2.108060606060606119e+02
1.641272727272727252e+02
1.193212121212121275e+02
1.067757575757575808e+02
1.118060606060606119e+02
1.085999999999999943e+02
8.439393939393939092e+01
6.600606060606060055e+01
6.333333333333333570e+01
7.290909090909090651e+01
9.193333333333333712e+01
9.563030303030302548e+01
9.078787878787878185e+01
9.884848484848484418e+01
1.350484848484848612e+02
1.744727272727272691e+02
2.036727272727272862e+02
2.112727272727272805e+02
2.417090909090909179e+02
2.346545454545454561e+02
2.230242424242424306e+02
1.939393939393939377e+02
1.399757575757575694e+02
1.029454545454545524e+02
9.639393939393939092e+01
8.215151515151515582e+01
7.299393939393939945e+01
7.423636363636363455e+01
7.376363636363636545e+01
6.793939393939393767e+01
6.952121212121211613e+01
8.237575757575757507e+01
8.843636363636363740e+01
1.145999999999999943e+02
1.634424242424242379e+02
1.948909090909091049e+02
2.086848484848484873e+02
2.137818181818181813e+02
2.415030303030303003e+02
2.373515151515151445e+02
2.287090909090909179e+02
2.160424242424242323e+02
1.687454545454545496e+02
1.118727272727272748e+02
9.004848484848484702e+01
7.626060606060606517e+01
6.812121212121212466e+01
6.595151515151515298e+01
6.430303030303029743e+01
6.316969696969697168e+01
6.933333333333332860e+01
7.835151515151514445e+01
8.997575757575756938e+01
1.347030303030302889e+02
1.861636363636363569e+02
2.097878787878787818e+02
2.154000000000000057e+02
2.197454545454545496e+02
2.406909090909090878e+02
2.396484848484848555e+02
2.341757575757575864e+02
2.261757575757575864e+02
1.933818181818181756e+02
1.264727272727272691e+02
8.553939393939394620e+01
8.170909090909090366e+01
8.439393939393939092e+01
8.387878787878787534e+01
8.397575757575756938e+01
8.238181818181817562e+01
7.795151515151515298e+01
7.307272727272727764e+01
9.153939393939394620e+01
1.498121212121212125e+02
1.981515151515151558e+02
2.143151515151515127e+02
2.195757575757575637e+02
2.217272727272727195e+02
2.392909090909090821e+02
2.387272727272727195e+02
2.349757575757575694e+02
2.229757575757575694e+02
1.870545454545454618e+02
1.298060606060606119e+02
8.235757575757575921e+01
7.424242424242424931e+01
7.912727272727272521e+01
8.316363636363635692e+01
8.103636363636363171e+01
7.531515151515151274e+01
6.672727272727273373e+01
6.533333333333332860e+01
9.145454545454545325e+01
1.410060606060606005e+02
1.831999999999999886e+02
2.026606060606060566e+02
2.138848484848484759e+02
2.189636363636363683e+02
2.352424242424242493e+02
2.325090909090909008e+02
2.209030303030303060e+02
1.979030303030303060e+02
1.525696969696969632e+02
1.111696969696969717e+02
8.672727272727273373e+01
7.593939393939393767e+01
6.983636363636364308e+01
6.832121212121212750e+01
6.736969696969697452e+01
6.467878787878787250e+01
6.432727272727272805e+01
7.196969696969696884e+01
8.855151515151514729e+01
1.172000000000000028e+02
1.530424242424242323e+02
1.826121212121212238e+02
1.991757575757575864e+02
2.075636363636363626e+02
2.308969696969697054e+02
2.241212121212121247e+02
2.066060606060605949e+02
1.823393939393939434e+02
1.491636363636363569e+02
1.216666666666666714e+02
1.182909090909090963e+02
1.105818181818181785e+02
1.017939393939393966e+02
9.883030303030302832e+01
9.751515151515151558e+01
9.616363636363635692e+01
9.963636363636364024e+01
1.072909090909090963e+02
1.147757575757575808e+02
1.267333333333333343e+02
1.481575757575757564e+02
1.795333333333333314e+02
1.986363636363636260e+02
2.069939393939393995e+02
